[gd_scene load_steps=11 format=3 uid="uid://c04js872l70y"]

[ext_resource type="Script" uid="uid://cflc2bmio8f6l" path="res://minigames/slide_game/scripts/slide_game.gd" id="1_ie4rx"]
[ext_resource type="PackedScene" uid="uid://fojg3gv1wl5y" path="res://minigames/slide_game/Mug.tscn" id="1_kb7vy"]
[ext_resource type="PackedScene" uid="uid://yagyfec31i3v" path="res://minigames/slide_game/Arrow.tscn" id="2_4s55a"]
[ext_resource type="PackedScene" uid="uid://cpvuk5w34kaps" path="res://minigames/slide_game/WinArea.tscn" id="4_rb88l"]

[sub_resource type="StandardMaterial3D" id="StandardMaterial3D_kb7vy"]
albedo_color = Color(0.477263, 0.312006, 0.083587, 1)

[sub_resource type="PhysicsMaterial" id="PhysicsMaterial_kb7vy"]
friction = 0.15

[sub_resource type="Animation" id="Animation_ie4rx"]
length = 0.001
tracks/0/type = "value"
tracks/0/imported = false
tracks/0/enabled = true
tracks/0/path = NodePath("Arrow:rotation")
tracks/0/interp = 1
tracks/0/loop_wrap = true
tracks/0/keys = {
"times": PackedFloat32Array(0),
"transitions": PackedFloat32Array(1),
"update": 0,
"values": [Vector3(0, -1.0472, 0)]
}

[sub_resource type="Animation" id="Animation_4s55a"]
resource_name = "arrow"
length = 2.0
loop_mode = 1
tracks/0/type = "value"
tracks/0/imported = false
tracks/0/enabled = true
tracks/0/path = NodePath("Arrow:rotation")
tracks/0/interp = 1
tracks/0/loop_wrap = true
tracks/0/keys = {
"times": PackedFloat32Array(-0.0333333, 1, 2),
"transitions": PackedFloat32Array(1, 1, 1),
"update": 0,
"values": [Vector3(0, -1.0472, 0), Vector3(0, -2.0944, 0), Vector3(0, -1.0472, 0)]
}

[sub_resource type="AnimationLibrary" id="AnimationLibrary_ie4rx"]
_data = {
&"RESET": SubResource("Animation_ie4rx"),
&"arrow": SubResource("Animation_4s55a")
}

[sub_resource type="WorldBoundaryShape3D" id="WorldBoundaryShape3D_rb88l"]

[node name="Bar" type="Node3D"]
script = ExtResource("1_ie4rx")

[node name="DirectionalLight3D" type="DirectionalLight3D" parent="."]
transform = Transform3D(-0.866023, -0.433016, 0.250001, 0, 0.499998, 0.866027, -0.500003, 0.749999, -0.43301, 0, 0, 0)
shadow_enabled = true

[node name="CSGBox3D" type="CSGBox3D" parent="."]
transform = Transform3D(1, 0, 0, 0, 1, 0, 0, 0, 1, 2.33414, 0, 0)
use_collision = true
size = Vector3(5.66827, 1, 1)
material = SubResource("StandardMaterial3D_kb7vy")

[node name="CSGBox3D2" type="CSGBox3D" parent="."]
transform = Transform3D(1, 0, 0, 0, 1, 0, 0, 0, 1, 2.48853, -0.551841, -0.895264)
size = Vector3(5.97705, 0.0913086, 4.62549)

[node name="Mug" parent="." instance=ExtResource("1_kb7vy")]
transform = Transform3D(1, 0, 0, 0, 1, 0, 0, 0, 1, 0.179521, 0.742794, 0.0107074)
physics_material_override = SubResource("PhysicsMaterial_kb7vy")

[node name="CamAnchor2" type="Marker3D" parent="Mug"]
transform = Transform3D(0.744324, 0, -0.667819, 0, 1, 0, 0.667819, 0, 0.744324, -0.772761, 0.481502, 1.53588)

[node name="Arrow" parent="." instance=ExtResource("2_4s55a")]
transform = Transform3D(0.0999994, 0, -0.173205, 0, 0.2, 0, 0.173205, 0, 0.0999994, 0.213227, 0.6, 0.0151288)

[node name="AnimationPlayer" type="AnimationPlayer" parent="Arrow"]
root_node = NodePath("../..")
libraries = {
&"": SubResource("AnimationLibrary_ie4rx")
}
autoplay = "arrow"

[node name="CamAnchor1" type="Marker3D" parent="."]
transform = Transform3D(-4.37114e-08, 0.570714, -0.821149, 0, 0.821149, 0.570714, 1, 2.49467e-08, -3.58936e-08, -0.61, 2.032, 0)

[node name="UI" type="Control" parent="."]
layout_mode = 3
anchors_preset = 15
anchor_right = 1.0
anchor_bottom = 1.0
grow_horizontal = 2
grow_vertical = 2

[node name="PowerBar" type="ProgressBar" parent="UI"]
visible = false
layout_mode = 1
anchors_preset = 3
anchor_left = 1.0
anchor_top = 1.0
anchor_right = 1.0
anchor_bottom = 1.0
offset_left = -199.0
offset_top = -53.0
offset_right = 370.0
offset_bottom = 33.0
grow_horizontal = 0
grow_vertical = 0
rotation = -1.57079
max_value = 30.0
show_percentage = false

[node name="AnimationPlayer" type="AnimationPlayer" parent="."]

[node name="Camera" type="Camera3D" parent="."]
transform = Transform3D(-3.58861e-08, 0.570958, -0.82098, 2.49574e-08, 0.82098, 0.570958, 1, -2.84217e-14, -4.37114e-08, -0.610188, 2.03154, 6.97793e-16)

[node name="WinArea" parent="." instance=ExtResource("4_rb88l")]
transform = Transform3D(1, 0, 0, 0, 1, 0, 0, 0, 1, 4.71705, 0.469232, 0.0669774)

[node name="LoseArea" type="Area3D" parent="."]

[node name="CollisionShape3D" type="CollisionShape3D" parent="LoseArea"]
transform = Transform3D(1, 0, 0, 0, 1, 0, 0, 0, 1, 0, -0.481914, 0)
shape = SubResource("WorldBoundaryShape3D_rb88l")
